0.3858
0.2283
0.1969
0.7953
0.5118
0.8583
0.3228
0.4173
0.6378
0.4803
0.4488
0.0394
0.7638
0.1024
0.5748
0.6693
0.8898
0.7323
0.7008
0.2913
0.0079
0.3543
0.8268
0.9213
0.1339
0.9843
0.9528
0.5433
0.2598
0.6063
0.0709
0.1654
0.7419
0.871
0.4839
0.6129
0.2258
0.3548
1.0
0.0968
0.7176
0.6078
0.9373
0.9529
0.9059
0.0431
0.6235
0.8902
0.0902
0.4824
0.3098
0.8275
0.2784
0.9216
1.0
0.7647
0.4667
0.3569
0.6863
0.702
0.6549
0.7961
0.3725
0.6392
0.8431
0.2314
0.0588
0.5765
0.0275
0.6706
0.749
0.5137
0.2157
0.1059
0.4353
0.451
0.4039
0.5451
0.1216
0.3882
0.5922
0.9843
0.8118
0.3255
0.7804
0.4196
0.498
0.2627
0.9686
0.8588
0.1843
0.2
0.1529
0.2941
0.8745
0.1373
0.3412
0.7333
0.5608
0.0745
0.5294
0.1686
0.2471
0.0118
0.7176
0.0894
0.4509
0.4919
0.9941
0.6131
0.3806
0.2027
0.361
0.0112
0.6854
0.789
0.1031
0.2848
0.3649
0.2496
0.2203
0.4333
0.4196
0.5857
0.7128
0.4568
0.8495
0.7968
0.5799
0.3552
0.6541
0.8828
0.8222
0.1285
0.8339
0.8437
0.4392
0.7772
0.3884
0.6795
0.4314
0.3004
0.318
0.3903
0.7987
0.6991
0.6229
0.9766
0.5408
0.9726
0.3024
0.4372
0.658
0.1207
0.3571
0.7733
0.15
0.1441
0.787
0.9844
0.0171
0.0425
0.5916
0.0699
0.2594
0.8163
0.7714
0.0308
0.8769
0.4646
0.3258
0.8671
0.8691
0.9883
0.2555
0.5779
0.236
0.3864
0.5603
0.1637
0.9785
0.66
0.2399
0.6248
0.0953
0.8085
0.2946
0.9609
0.5877
0.8319
0.7245
0.1715
0.4548
0.7303
0.5291
0.2574
0.6971
0.5037
0.7088
0.2184
0.3141
0.1519
0.2633
0.0542
0.3063
0.6756
0.193
0.7655
0.6737
0.0738
0.4978
0.3512
0.4157
0.3473
0.1773
0.8124
0.533
0.4958
0.232
0.148
0.0249
0.5193
0.6619
0.3591
0.8925
0.4177
0.4665
0.445
0.1343
0.191
0.6463
0.406
0.7518
0.8398
0.2008
0.2418
0.744
0.363
0.1304
0.9531
0.1109
0.7616
0.4353
0.5388
0.8534
0.0347
0.1148
1.0
0.9707
0.1832
0.1695
0.3356
0.4626
0.2066
0.5994
0.5467
0.3298
0.105
0.404
0.6326
0.5721
0.8788
0.5838
0.5936
0.1891
0.5271
0.1383
0.4294
0.1812
0.0503
0.0679
0.1402
0.5486
0.4489
0.3727
0.7264
0.2907
0.7225
0.0523
0.1871
0.4079
0.871
0.107
0.5232
0.9003
0.8945
0.5369
0.7342
0.7675
0.7929
0.3415
0.8202
0.0093
0.5662
0.5213
0.7811
0.6268
0.2145
0.0757
0.617
0.619
0.7382
0.0054
0.3278
0.9863
0.1363
0.3102
0.914
0.7284
0.4099
0.9902
0.3747
0.8456
0.5584
0.0445
0.7108
0.3376
0.5818
0.4744
0.9218
0.2047
0.4802
0.2789
0.0073
0.447
0.2535
0.4587
0.9687
0.064
0.9023
0.0132
0.8046
0.0562
0.4255
0.9433
0.5154
0.4235
0.8241
0.2477
0.1011
0.1656
0.0972
0.9277
0.5623
0.2829
0.2457
0.9824
0.8984
0.7753
0.2692
0.4118
0.1089
0.6424
0.1676
0.2164
0.1949
0.8847
0.9414
0.3962
0.1558
0.5017
0.5896
0.9511
0.9922
0.4939
0.1128
0.8808
0.703
0.8613
0.5115
0.1851
0.2887
0.6033
0.7851
0.8652
0.7499
0.7206
0.9336
0.9199
0.0855
0.2125
0.957
0.3493
0.2965
0.0796
0.8554
0.1539
0.3825
0.3219
0.6287
0.3337
0.3434
0.9394
0.277
0.8886
0.1793
0.9316
0.8007
0.8183
0.8906
0.2985
0.1988
0.1226
0.4763
0.0405
0.4724
0.8026
0.9375
0.1578
0.6209
0.8574
0.2731
0.6502
0.6444
0.2868
0.4841
0.5173
0.5427
0.0914
0.5701
0.7596
0.3161
0.2711
0.531
0.3766
0.9648
0.8261
0.3669
0.3688
0.488
0.7557
0.0777
0.7362
0.8867
0.0601
0.6639
0.4783
0.1597
0.7401
0.1246
0.5955
0.3083
0.7948
0.4607
0.0874
0.3317
0.2242
0.6717
0.9551
0.2301
0.0288
0.7577
0.1969
0.0034
0.2086
0.7186
0.8144
0.6522
0.7636
0.5545
0.8065
0.1754
0.6932
0.2653
0.1734
0.574
0.998
0.8515
0.916
0.8476
0.6776
0.3122
0.0327
0.9961
0.7323
0.6483
0.5252
0.0191
0.1617
0.8593
0.3923
0.9179
0.9668
0.9453
0.6346
0.6913
0.1461
0.9062
0.2516
0.3395
0.701
0.7421
0.2438
0.8632
0.6307
0.4529
0.6111
0.2614
0.9355
0.0386
0.3532
0.5349
0.615
0.4998
0.4704
0.6834
0.6698
0.8359
0.9629
0.7069
0.0992
0.0464
0.83
0.6053
0.9043
0.1324
0.0718
0.3786
0.0835
0.0933
0.6893
0.0269
0.6385
0.9297
0.6815
0.5506
0.5681
0.6404
0.0484
0.9492
0.873
0.2262
0.7909
0.2223
0.5525
0.6873
0.9082
0.3708
0.6072
0.023
0.4001
0.3942
0.0366
0.234
0.2672
0.2926
0.8417
0.32
0.5095
0.066
0.021
0.2809
0.1265
0.7147
0.576
0.1168
0.1187
0.2379
0.5056
0.828
0.4861
0.6365
0.8105
0.4138
0.2281
0.9101
0.49
0.8749
0.3454
0.0581
0.5447
0.2106
0.8378
0.0816
0.9746
0.4216
0.7049
0.9805
0.7792
0.5076
0.9472
0.7538
0.959
0.4685
0.5642
0.4021
0.5134
0.3043
0.5564
0.9257
0.4431
0.0151
0.9238
0.3239
0.7479
0.6014
0.6659
0.5975
0.4275
0.062
0.7831
0.746
0.4822
0.3981
0.275
0.7694
0.9121
0.6092
0.1422
0.6678
0.7167
0.6952
0.3845
0.4411
0.8964
0.6561
0.0015
0.7143
0.1429
0.7143
0.1429
0.7143
0.1429
0.5294
0.7333
0.8745
0.2
0.9686
0.4196
0.8118
0.3882
0.4039
0.1059
0.749
0.5765
0.8431
0.7961
0.6863
0.7647
0.2784
0.4824
0.6235
0.9529
0.7176
0.1686
0.5608
0.1373
0.1529
0.8588
0.498
0.3255
0.5922
0.5451
0.4353
0.5137
0.0275
0.2314
0.3725
0.702
0.4667
0.9216
0.3098
0.8902
0.9059
0.6078
0.2471
0.0745
0.3412
0.2941
0.1843
0.2627
0.7804
0.9843
0.1216
0.451
0.2157
0.6706
0.0588
0.6392
0.6549
0.3569
1.0
0.8275
0.0902
0.0431
0.9373
0.0118
